((("margin-bottom" .
   [0 0 0 0 0 0 0 0 0 1 0 0 0])
  ("ptr" .
   [9 0 0])
  ("nmemb" .
   [2 0 0 0 0])
  ("size" .
   [2 0 0 0])
  ("buffer" .
   [3 0 0 0 0 0])
  ("const" .
   [2 0 0 0 0])
  ("string" .
   [2 0 0 0 0 0])
  ("buf" .
   [0 0 1])
  ("fgets" .
   [0 0 0 0 1])
  ("free()" .
   [0 0 0 0 2 0])
  ("BUF_SIZE" .
   [0 0 1 1 0 0 0 0])
  ("define" .
   [1 0 0 0 0 0])
  ("strcat();" .
   [0 0 0 0 0 1 1 0 0])
  ("strcpy();" .
   [0 0 0 0 0 2 0 0 0])
  ("t_conf" .
   [5 0 0 0 0 0])
  ("confFile" .
   [0 0 0 0 1 0 0 0])
  ("readConfFile" .
   [0 0 0 0 1 0 0 0 0 0 0 0])
  ("function" .
   [0 0 0 0 0 0 0 1])
  ("len" .
   [8 0 0])
  ("option" .
   [0 0 1 0 0 0])
  ("strncmp()" .
   [0 0 0 0 0 0 0 2 1])
  ("st_PtrFunct" .
   [0 0 1 4 0 0 0 0 0 0 0])
  ("copyNextReturn" .
   [0 0 0 1 0 0 0 0 0 0 0 0 0 0])
  ("dest" .
   [2 0 0 0])
  ("iEnd" .
   [1 0 1 1])
  ("strncpy();" .
   [0 0 0 0 0 0 0 1 0 0])
  ("line" .
   [14 0 0 0])
  ("nextReturn" .
   [0 0 0 1 0 0 0 0 0 0])
  ("while ()" .
   [0 0 2 0 1 0 0 1])
  ("count" .
   [2 0 0 0 0])
  ("str" .
   [4 0 0])
  ("size_t" .
   [1 0 0 1 5 1])
  ("completePassword" .
   [0 0 0 0 0 1 0 0 0 0 0 0 0 0 0 0])
  ("completeLogin" .
   [0 0 0 0 0 1 0 0 0 0 0 0 0])
  ("h" .
   [7])
  ("functCompeleteConf" .
   [0 0 0 0 0 0 0 0 0 0 0 0 0 0 0 0 0 1])
  ("include" .
   [0 0 0 1 8 1 1])
  ("port" .
   [1 0 0 0])
  ("proxyPassword" .
   [0 0 0 0 0 1 0 0 0 0 0 0 0])
  ("proxyLogin" .
   [0 0 0 0 0 1 0 0 0 0])
  ("proxy" .
   [1 0 0 0 0])
  ("char" .
   [18 0 0 0])
  ("authKey" .
   [2 0 0 0 2 0 0])
  ("printf();" .
   [0 0 0 0 0 0 6 0 0])
  ("sizeof()" .
   [0 0 0 3 7 0 0 2])
  ("malloc()" .
   [0 0 0 0 1 0 1 1])
  ("EXIT_SUCCESS" .
   [0 0 0 10 0 0 0 1 0 0 0 0])
  ("return ();" .
   [0 0 9 1 1 0 8 0 0 1])
  ("Returns" .
   [0 0 0 0 0 0 1])
  ("int" .
   [6 0 0])
  ("unsigned" .
   [2 0 0 1 2 0 0 1])
  ("EXIT_FAILURE" .
   [0 0 0 9 0 0 1 1 0 0 0 0])
  ("e" .
   [1])
  ("return" .
   [1 0 0 0 0 2])
  ("0" .
   [11])
  ("conf" .
   [5 0 0 0])
  ("FILE" .
   [1 0 0 0])
  ("curl" .
   [7 0 0 1])
  ("password" .
   [3 0 0 0 1 0 0 0])
  ("t_user" .
   [3 0 0 0 0 0])
  ("initFormPost" .
   [0 0 0 0 0 0 1 0 0 0 0 0])
  ("login" .
   [4 0 0 0 0])
  ("info" .
   [25 0 0 2])
  ("f" .
   [1])
  ("NULL" .
   [13 1 1 0])
  ("lastptr" .
   [1 0 0 1 1 0 0])
  ("formpost" .
   [0 0 0 0 4 0 0 1])
  ("curl_httppost" .
   [0 0 0 0 0 0 0 0 0 1 0 0 0])
  ("CURL" .
   [3 0 0 0])
  ("struct" .
   [1 0 0 0 0 1])
  ("i" .
   [19])
  ("void" .
   [11 0 0 0])
  ("static" .
   [8 0 0 0 1 0])
  ("res" .
   [1 0 0])
  ("CURLcode" .
   [0 0 0 0 0 0 1 0])
  ("auto" .
   [2 0 0 0])
  ("hover" .
   [2 0 0 0 0])
  ("forkme" .
   [0 0 0 1 2 0])
  ("img" .
   [1 0 0])
  ("else" .
   [2 0 0 0])
  ("-d" .
   [1 0])
  ("fi" .
   [1 0])
  ("semantic-symref" .
   [0 0 0 0 0 0 0 0 0 0 0 1 0 0 0])
  ("f4" .
   [1 0])
  ("load" .
   [2 0 0 1])
  ("t_toto" .
   [0 1 0 0 0 0])
  ("toto" .
   [0 1 0 0])
  ("caca" .
   [0 1 0 0])
  ("set-screen-width" .
   [0 0 0 0 0 0 0 0 0 0 0 0 0 1 0 0])
  ("<" .
   [1])
  ("if" .
   [26 0])
  ("alias" .
   [1 0 0 0 0])
  ("echo" .
   [2 0 0 0])
  ("readAswer" .
   [0 0 0 0 1 0 0 0 0])
  ("break" .
   [2 0 0 0 0])
  ("ac" .
   [2 0])
  ("2" .
   [1])
  ("av" .
   [1 0])
  ("1" .
   [4])
  ("pathConfFile" .
   [0 0 0 0 1 0 0 0 0 0 0 0])
  ("path" .
   [16 0 0 0])
  ("strlen()" .
   [0 0 0 0 0 0 1 0])
  ("sizeof" .
   [0 0 0 1 0 1])
  ("tmp" .
   [2 0 0])
  ("strdup" .
   [3 0 0 0 0 0])
  ("http_code" .
   [1 0 0 0 0 0 0 0 1])
  ("getResponse" .
   [2 0 0 0 0 0 0 0 0 0 0])
  ("reponse" .
   [3 0 0 0 0 0 0])
  ("header" .
   [5 0 0 0 0 0])
  ("strncmp" .
   [1 0 0 0 0 0 0])
  ("cleanStr" .
   [0 0 0 0 1 0 0 0])
  ("red" .
   [1 0 0])
  ("black" .
   [1 0 0 0 0])))
